   -0.49156661
   -0.01441768
    0.22766284
   -0.66227639
    0.17662784
   -0.45797985
   -0.09715919
   -0.45471254
    0.03774278
    0.09961734
   -0.61442603
    0.05879466
   -0.50234228
   -0.08041090
   -0.16720206
    0.00361201
    0.16897282
   -0.42789016
    0.06200834
   -0.46853235
   -0.06696078
   -0.26176486
    0.02957857
    0.24824955
   -0.43073497
   -0.06957199
    0.43093287
   -0.48671061
   -0.53606254
   -0.26984229
   -0.01078692
    0.33143611
   -0.50284722
    0.08392525
   -0.48027967
   -0.24892049
    0.00450756
    0.33933548
   -0.43400741
   -0.05214838
   -0.05747505
    0.03794688
   -0.35803974
    0.33044876
   -0.36882288
   -0.44682920
   -0.20179537
   -0.02068517
    0.41871034
   -0.51851787
   -0.05750206
   -0.37824584
    0.14778370
    0.24569830
   -0.48251575
   -0.01944442
   -0.60680736
   -0.06625043
   -0.28920266
    0.05576241
    0.17318512
   -0.43953068
   -0.06150089
   -0.31162551
    0.05384361
    0.23828227
   -0.47319397
   -0.03099202
   -0.07560431
   -0.07160752
   -0.25123727
    0.03491344
    0.23915199
   -0.45798166
   -0.04797979
   -0.04836209
   -0.05050501
    0.00202327
   -0.43582153
   -0.22649584
    0.00519026
    0.27783077
   -0.46819103
   -0.05242507
   -0.04672574
   -0.05855768
   -0.01043627
   -0.33160521
   -0.18145107
    0.00526095
    0.30348747
   -0.49095514
   -0.02633309
   -0.07900913
   -0.07359663
   -0.29207685
    0.04032617
    0.21733752
   -0.45693937
   -0.03037245
   -0.05164662
   -0.07466739
   -0.07464964
   -0.25307057
    0.01053676
    0.27510143
   -0.47845609
   -0.04880962
   -0.04107416
   -0.07913226
   -0.07124727
   -0.24998743
    0.01769247
    0.27389591
   -0.46336830
   -0.07489546
   -0.27729066
   -0.01282549
    0.28822811
   -0.48123373
   -0.28266575
    0.00145942
    0.28495064
   -0.45529644
   -0.28001237
    0.01909689
    0.35500665
   -0.43855282
   -0.08411240
   -0.19503355
    0.00335652
    0.22613232
   -0.42420887
   -0.08197734
   -0.25301336
   -0.01533987
    0.24646199
   -0.44949760
   -0.30532515
    0.02940663
    0.32481973
   -0.45865639
    0.02576515
   -0.42825676
   -0.24543732
   -0.00172150
    0.31551847
   -0.48500400
   -0.28819942
    0.03282514
    0.33666280
   -0.46653526
   -0.08479233
    0.51708091
   -0.52085000
   -0.43536856
   -0.28665153
    0.03509076
    0.21423042
   -0.48491742
   -0.07789999
   -0.29044020
    0.01798638
    0.31649938
   -0.42361593
   -0.05320183
    0.00595184
   -0.02944649
   -0.02957795
   -0.02952384
   -0.02810414
    0.10196541
   -0.46804521
   -0.10747979
    0.01084524
    0.21399119
   -0.41682205
    0.04941127
   -0.40883580
   -0.28545460
    0.00040250
    0.32764275
   -0.42951572
   -0.04912655
    0.00482971
   -0.02503826
   -0.02711873
   -0.02725171
   -0.02582841
   -0.02580804
   -0.16847187
    0.00019569
    0.25966390
   -0.42514069
   -0.08366354
    0.46053526
   -0.45409615
   -0.42398902
   -0.12796703
    0.03259283
    0.38160697
   -0.49850223
   -0.04941888
   -0.04684812
   -0.03311677
   -0.28940937
   -0.01399060
   -0.09601592
    0.30938595
   -0.44923150
   -0.20887630
   -0.02741061
   -0.08646204
    0.28099565
   -0.47463601
   -0.25693145
   -0.01880037
   -0.08634329
    0.23957171
   -0.44396917
   -0.23486989
   -0.03177949
   -0.10387758
    0.31962733
   -0.47563820
   -0.31574681
   -0.02028950
   -0.09526228
    0.31362390
   -0.47367109
   -0.24631004
   -0.02479879
   -0.09011261
    0.29880502
   -0.46341299
   -0.35190542
   -0.01063975
   -0.62622577
   -0.59670604
   -0.74253684
   -0.28001845
   -0.03457733
   -0.01147690
    0.04452557
   -0.03634781
   -0.51744004
    0.33675091
   -0.27143099
    0.00961252
    0.15429272
   -0.58218457
   -0.51342869
   -0.04787067
   -0.02630884
   -0.07592656
   -0.07369448
   -0.02140889
    0.34230079
   -0.51534795
    0.04884616
   -0.15313842
   -0.23052270
   -0.01592001
    0.14956074
    0.28712624
    0.15273004
    0.04981893
    0.07650864
    0.11283477
    0.06335685
    0.30701217
    0.20590245
    0.11334072
    0.33455208
    0.08227133
    0.12361842
    0.08002210
    0.15557568
    0.09921325
    0.05316072
    0.31339264
    0.05699609
    0.03882466
    0.08712519
    0.20474140
    0.10597055
    0.06550989
    0.10002666
    0.13359354
    0.13362384
    0.11501509
    0.11714650
    0.29342031
    0.16610526
    0.08682929
    0.07006437
    0.11352973
    0.08912387
    0.06168222
    0.10244077
    0.05855892
    0.19656532
    0.29466000
    0.19595557
    0.19269612
    0.11817977
    0.10945114
    0.10666304
    0.07468946
    0.09871334
    0.24221802
    0.08778773
    0.05822131
    0.28949863
    0.08402144
    0.05319448
    0.05735376
    0.18158377
    0.10086559
    0.08786300
    0.09160307
    0.05041300
    0.16651001
    0.08104042
    0.06555462
    0.04138413
    0.04357914
    0.03173161
    0.04215331
    0.03314641
    0.06745586
    0.11179608
    0.08800182
    0.07972260
    0.07646231
    0.06719696
    0.03695121
    0.04237139
    0.07214230
    0.03495699
    0.03368884
    0.16883248
    0.14972612
    0.10987104
    0.06496252
    0.07110602
    0.07695603
    0.03225233
    0.07007488
    0.08986568
    0.05567429
    0.04764270
    0.06303073
    0.15977208
    0.22143215
    0.10990399
    0.07558920
    0.06796013
    0.04813201
    0.08104693
    0.04153634
    0.04552671
    0.03742631
    0.05817066
    0.12747589
    0.09367536
    0.05978189
    0.04210818
    0.07485905
    0.03671950
    0.04735161
    0.03702304
    0.04140026
    0.04481709
    0.05175266
    0.16907848
    0.10314286
    0.06206769
    0.06900319
    0.07077710
    0.07456680
    0.07155573
    0.05599811
    0.08918823
    0.16220647
    0.08000918
    0.09182599
    0.09484396
    0.06093610
    0.20995211
    0.10634232
    0.08090098
    0.13368795
    0.06503329
    0.09693901
    0.18509179
    0.10200064
    0.11334236
    0.08117773
    0.06826241
    0.08483364
    0.11469704
    0.06068407
    0.10400289
    0.06806210
    0.13324762
    0.05823880
    0.22936803
    0.11968461
    0.09962846
    0.05360802
    0.10670259
    0.28418174
    0.21139575
    0.12269154
    0.11435567
    0.14348450
    0.12337871
    0.11621150
    0.10213100
    0.15011677
    0.11463971
    0.06892713
    0.06744121
    0.07522964
    0.21295634
    0.10541826
    0.12380202
    0.09862714
    0.09916607
    0.05504248
    0.06358886
    0.08358407
    0.27406941
    0.13415816
    0.14910134
    0.09472365
    0.11726112
    0.36745160
    0.13552118
    0.10933418
    0.08228878
    0.07541122
    0.05888759
    0.07357522
    0.05656220
    0.06583564
    0.06034305
    0.09722989
    0.10003765
    0.09017335
    0.11322180
    0.12708591
    0.07039025
    0.06889400
    0.05839427
    0.05751031
    0.05577807
    0.08148509
    0.13496009
    0.11154540
    0.04578553
    0.05513164
    0.10679157
    0.09238760
    0.10383894
    0.11300994
    0.11187327
    0.05759770
    0.06390399
    0.05288203
    0.06356762
    0.06138437
    0.10186736
    0.09356872
    0.03788155
    0.04973482
    0.08483093
    0.08348883
    0.07987273
    0.12647907
    0.11927889
    0.09286499
    0.05815798
    0.06107535
    0.09202369
    0.10055675
    0.23183070
    0.10299889
    0.07905122
    0.09556530
    0.09280903
    0.07272780
    0.07291700
    0.17136621
    0.12133978
    0.06659834
    0.06591649
    0.05598748
    0.08640830
    0.07622299
    0.21240171
    0.10460852
    0.10492275
    0.07764111
    0.18327614
    0.04390475
    0.02867341
    0.17782733
    0.07809752
    0.03392492
    0.06798655
    0.06055962
    0.03207909
    0.02694204
    0.06842740
    0.02765758
    0.04674201
    0.03488852
    0.06252137
    0.11215769
    0.08151259
    0.06698182
    0.13904307
    0.22094571
    0.37677955
    0.38968265
    0.31859288
    0.30763289
    0.32836675
    0.26833930
    0.59096356
    0.39709888
